18 18 18 18 18 18 18 18 18 18 18 18 18 18 18 18 18 18 18 18 18 18 18 18 18 18 18 18 18 18 4 18 18 4 18 18 18 18 18 4 18 18 18 18 18 18 18 18 18 18
18 18 18 18 18 18 18 18 4 18 18 18 18 18 18 18 18 18 18 4 18 18 18 18 18 18 18 18 18 18 18 18 18 18 18 18 18 18 18 18 18 18 18 18 18 18 18 4 18 18
4 18 18 4 4 4 4 4 4 4 4 4 18 18 18 18 18 18 4 18 18 18 18 18 4 18 4 4 4 4 4 4 4 4 4 4 4 4 18 18 18 18 4 4 4 4 4 4 4 18
18 18 4 4 9 10 10 10 10 10 11 4 18 4 18 18 18 18 18 18 18 18 4 4 18 18 4 9 10 10 10 10 10 10 10 10 11 4 18 18 18 18 4 9 10 10 10 11 4 18
18 18 18 4 12 13 13 13 13 13 14 4 18 18 18 18 18 18 18 18 18 18 4 18 18 18 4 12 13 13 13 13 13 13 13 13 14 4 18 18 18 18 4 12 13 13 13 14 4 18
18 18 18 4 12 13 13 13 13 13 14 4 18 18 18 18 18 18 4 4 4 4 4 18 18 4 4 12 13 13 13 28 29 30 13 13 14 4 18 18 18 18 4 12 13 13 13 14 4 18
18 18 18 4 12 13 13 13 13 13 14 4 18 18 18 18 18 18 4 4 4 4 4 4 18 18 4 12 13 13 13 31 32 33 13 13 14 4 18 18 18 18 4 12 13 13 13 14 4 18
18 18 18 4 15 16 16 16 16 16 17 4 18 18 18 18 4 18 4 4 4 18 4 4 18 18 4 12 13 13 13 34 35 36 13 13 14 4 18 18 18 18 4 15 16 16 16 17 4 4
18 18 18 4 4 4 4 4 4 4 4 4 18 18 4 4 4 4 4 18 4 4 4 4 18 18 4 12 13 13 13 13 13 13 13 13 14 4 18 18 18 18 4 4 4 4 4 4 4 18
18 18 18 18 18 18 18 4 18 4 4 18 18 4 4 4 4 4 4 4 4 4 4 4 18 18 4 15 16 16 16 16 16 16 16 16 17 4 18 18 18 18 18 18 18 18 18 4 18 18
18 18 4 18 18 18 18 18 18 18 18 18 18 18 4 4 37 4 4 4 4 4 4 4 18 18 4 4 4 4 4 4 4 4 4 4 4 4 18 18 18 18 18 18 4 18 18 18 18 18
18 18 4 4 4 4 4 4 4 18 18 4 18 18 4 4 3 4 4 4 4 4 4 18 18 18 18 18 18 18 18 18 18 4 4 4 4 4 4 18 18 18 18 4 4 4 4 4 4 4
18 18 4 9 10 10 10 11 4 18 18 18 18 18 4 4 3 4 4 4 38 4 4 18 18 18 18 4 4 18 18 18 18 4 4 4 4 4 18 4 18 18 18 4 9 10 10 10 11 4
18 18 4 12 13 13 13 14 4 18 18 18 18 18 18 18 3 18 4 4 3 4 4 18 18 18 18 18 18 18 18 18 4 4 4 37 4 4 4 4 4 4 4 4 12 13 13 13 14 4
18 18 4 12 13 13 13 14 4 18 18 18 18 4 18 18 3 18 4 4 3 4 4 18 18 18 18 18 18 4 4 4 4 4 4 3 4 4 4 4 4 4 4 4 12 13 13 13 14 4
18 18 4 15 16 16 16 17 4 18 18 18 18 18 18 18 3 18 18 4 3 18 18 18 18 18 18 18 4 4 4 4 4 4 4 3 4 4 4 4 38 4 4 4 12 13 13 13 14 4
18 18 4 4 4 4 4 4 4 18 4 18 4 18 18 18 3 18 18 18 3 18 18 18 4 18 18 18 18 4 4 38 4 4 18 3 18 18 4 4 3 4 4 4 15 16 16 16 17 4
18 18 18 18 18 18 18 18 18 18 0 1 1 1 1 1 1 1 1 1 1 1 1 1 2 4 4 4 4 4 4 3 4 4 18 3 4 18 4 4 3 4 4 4 4 4 4 4 4 4
18 18 18 18 18 18 18 18 18 18 3 18 18 18 18 18 4 4 4 4 4 4 4 4 5 4 4 4 4 4 4 3 4 4 18 3 4 18 4 18 3 18 18 4 18 18 18 18 18 18
18 18 18 18 18 4 18 18 18 18 3 18 18 18 18 18 4 4 4 4 4 4 4 4 5 4 4 4 4 4 4 3 4 18 18 3 4 18 18 18 3 18 18 18 4 18 18 18 18 18
18 18 18 18 18 18 18 18 18 18 3 18 18 4 18 18 4 4 4 4 4 19 20 21 5 19 20 21 4 4 4 3 18 18 18 3 18 18 18 4 3 18 18 18 18 18 18 18 18 18
18 18 18 18 18 18 18 18 18 18 3 4 18 18 18 18 4 4 39 4 4 22 23 24 5 22 23 24 4 4 4 3 18 18 18 3 18 18 18 18 3 18 18 18 18 4 4 4 4 4
18 18 18 18 18 18 18 18 18 4 3 18 4 18 18 18 4 4 4 4 4 25 26 27 5 25 26 27 4 4 4 3 4 18 18 3 18 18 18 18 3 18 18 18 18 4 4 4 4 4
18 18 18 18 18 4 18 18 18 18 3 18 18 18 18 18 4 4 4 0 1 1 1 1 1 1 1 1 1 1 1 1 1 1 1 1 1 1 1 1 1 1 1 1 1 1 1 37 4 4
18 18 18 18 18 4 18 18 18 4 3 18 18 18 18 4 4 4 4 3 4 4 4 4 4 4 4 4 4 4 4 4 18 4 18 18 4 18 18 4 18 18 18 4 18 4 4 4 4 4
18 18 18 18 18 18 18 18 18 4 3 4 18 18 18 18 4 4 4 3 4 19 20 21 4 19 20 21 4 4 4 4 18 18 18 18 18 18 4 18 18 18 18 18 18 4 4 4 4 4
18 18 18 18 18 18 18 18 18 18 3 18 18 18 18 4 4 4 4 3 4 22 23 24 4 22 23 24 4 4 4 4 18 4 18 18 18 18 18 18 18 18 18 18 18 18 18 18 18 18
18 18 18 18 18 18 4 18 18 4 3 18 18 18 18 18 4 4 4 3 4 25 26 27 4 25 26 27 4 4 4 4 18 4 18 18 18 18 18 18 18 4 18 18 18 18 18 18 18 18
18 18 18 18 18 18 18 18 18 18 3 18 18 18 18 18 4 4 4 6 1 1 1 1 1 1 1 1 1 1 2 4 18 18 4 18 18 18 4 18 18 18 18 4 4 4 4 4 18 18
18 18 18 4 18 18 18 4 18 18 3 4 18 18 18 18 4 4 4 4 4 4 4 4 4 4 4 4 4 4 3 4 18 18 4 4 4 4 4 18 4 4 4 4 4 4 4 4 4 18
18 18 18 18 18 4 4 18 4 4 3 4 4 4 18 18 4 4 4 4 4 4 4 4 4 4 4 4 4 4 3 4 18 18 4 4 4 4 4 18 4 9 10 10 10 10 10 11 4 18
18 18 18 18 18 18 18 18 4 4 3 4 4 18 18 18 4 4 18 18 18 18 18 18 18 18 4 18 18 18 3 18 18 18 4 4 38 4 4 18 4 12 13 13 13 13 13 14 4 18
18 18 18 18 18 18 18 18 4 4 37 4 4 18 18 4 18 18 4 18 18 18 18 18 18 18 18 18 18 18 3 18 18 4 4 4 3 4 4 18 4 12 13 13 13 13 13 14 4 18
18 18 4 18 18 18 18 18 4 4 4 4 4 18 18 4 18 18 18 18 18 18 18 18 4 18 4 18 18 18 3 18 18 4 4 4 3 4 4 4 4 12 13 13 13 13 13 14 4 18
18 18 18 18 18 18 18 18 4 4 4 4 4 18 18 18 18 18 18 18 4 18 18 18 4 4 18 18 18 18 3 18 18 18 18 18 3 4 18 18 4 12 13 13 13 13 13 14 4 18
18 18 4 4 4 4 4 4 4 4 4 4 18 18 18 4 18 18 18 18 18 18 18 18 18 18 18 18 18 18 3 18 18 18 18 18 3 18 18 18 4 15 16 16 16 16 16 17 4 18
18 18 4 9 10 10 10 10 10 10 11 4 18 18 4 4 4 18 18 4 18 18 18 18 18 4 18 18 18 18 3 18 18 18 18 18 3 18 18 18 4 4 4 4 4 4 4 4 4 4
18 4 4 12 13 13 13 13 13 13 14 4 18 18 18 18 18 18 18 18 18 18 18 18 18 18 18 18 18 18 3 18 18 18 4 18 3 4 18 18 18 18 18 18 18 4 4 4 4 4
18 18 4 12 13 13 13 13 13 13 14 4 18 4 18 18 4 4 18 18 18 18 18 18 18 18 18 18 18 18 6 1 1 1 1 1 1 1 1 1 1 1 1 1 1 1 1 37 4 4
18 18 4 12 13 13 13 13 13 13 14 4 18 4 4 4 4 18 18 18 18 18 18 18 18 18 18 18 18 4 18 18 18 18 4 18 18 18 18 4 18 18 18 18 4 4 4 4 4 4
18 18 4 12 13 13 13 13 13 13 14 4 18 4 18 4 4 18 18 18 18 18 4 18 18 18 18 18 18 18 18 18 18 18 18 18 18 4 18 18 18 18 18 18 18 4 4 4 4 4
18 18 4 15 16 16 16 16 16 16 17 4 18 4 4 4 4 18 18 18 18 18 4 18 18 18 18 4 18 18 18 4 18 18 4 18 18 18 18 18 4 18 18 4 18 18 18 18 18 18
18 18 4 4 4 4 4 4 4 4 4 4 4 4 4 4 4 4 4 4 4 4 4 4 4 18 18 4 4 4 4 4 4 4 18 4 4 4 4 4 4 4 4 4 18 18 4 18 18 18
18 18 18 18 18 18 18 18 18 18 18 18 4 9 10 10 10 10 10 10 10 10 10 11 4 18 18 4 9 10 10 10 11 4 18 4 9 10 10 10 10 10 11 4 18 18 18 4 18 18
18 18 18 18 4 18 18 18 18 18 4 18 4 12 13 13 13 13 13 13 13 13 13 14 4 18 18 4 12 13 13 13 14 4 18 4 12 13 13 13 13 13 14 4 18 18 18 18 18 18
18 18 18 18 18 18 18 18 18 18 18 18 4 12 13 13 13 13 13 13 13 13 13 14 4 18 4 4 12 13 13 13 14 4 18 4 12 13 13 13 13 13 14 4 18 18 18 18 18 18
18 18 18 18 18 18 18 18 18 18 18 18 4 12 13 13 13 28 29 16 16 16 16 17 4 18 18 4 12 13 13 13 14 4 18 4 12 13 13 13 13 13 14 4 18 18 18 18 18 18
18 18 18 18 18 18 18 18 18 18 18 18 4 12 13 13 13 14 4 4 4 4 4 4 4 18 18 4 15 16 16 16 17 4 18 4 12 13 13 13 13 13 14 4 18 18 4 18 18 18
18 18 18 18 18 18 18 18 18 18 4 18 4 15 16 16 16 17 4 18 18 18 18 18 18 18 18 4 4 4 4 4 4 4 18 4 15 16 16 16 16 16 17 4 18 18 18 18 18 18
18 18 18 18 18 18 18 18 18 18 18 18 4 4 4 4 4 4 4 18 18 18 18 18 18 18 18 18 18 18 18 18 18 4 18 4 4 4 4 4 4 4 4 4 18 18 18 18 18 18